[1,["680wUeZeRBzJMi7wPOZ+Xc@cf5ee","b9LtGyEwVCYbsOgk8sLjgs","b6z7FXVRdAU7b59ypB+QE5@f9941","1brw/JvvpFnIvdrxpFCgMZ","7bSdL5D79PspHtEgyeBpJG@6c48a","a3zQCfCrBCDZJ4uf2rk5u8","899TAi7RxMPb5Q+zloB9KB","12Y9dMgWdJKJGmTiZyQR9H@2e76e","67MZjCrIdB9ooNcyWcKgIM","a3uX2Mg4hO17IrP/9C52+L@baad2","a3uX2Mg4hO17IrP/9C52+L@438fe","99kf2CgQZO3YhEMSwxFYbC@1f586","d8VZmb/idNPK0J3srZVT8r","aeCpDy/U5OLonAa2q9LkvS@709a9","5cvQkb1qhN8ZbyqjHZy3zn@ca450","eeaJO3c7BAiKf2QnBa7oQS","43KrPndnVPHq7N+m9rY96D@f9941","e6wSw/KedPCpa6z35OrsF5@d0c6b","b8WATSzC1JHYd8K7kgmlTN@20e0f","80v3Amx5ZFDpzwDd+b5wUp@beb4a"],["node","_parent","root","asset","_mesh","_effectAsset","_defaultClip","_spriteFrame","mainTexture","target","_cameraComponent","scene","_skeleton","navUrl","_normalSprite"],[["cc.Node",["_name","_id","_layer","_active","_objFlags","__editorExtras__","_parent","_lpos","_components","_children","_lrot","_euler","_lscale","_prefab"],-3,1,5,9,2,5,5,5,4],["cc.Camera",["_visibility","_projection","_orthoHeight","_far","_clearFlags","_priority","node","_color"],-3,1,5],["cc.Node",["_name","_parent","_lpos","_children","_lrot","_euler","_components"],2,1,5,9,5,5,2],["cc.Material",["_name","_states","_defines","_techIdx","_props"],-1,12],["cc.Node",["_name","_id","_objFlags","_parent","_components","_lpos","_lrot","_euler","_children","_lscale"],0,1,12,5,5,5,2,5],["cc.Sprite",["_sizeMode","_type","node","_spriteFrame","_color"],1,1,6,5],["cc.Widget",["_alignFlags","_left","_right","_top","_originalWidth","node"],-2,1],["4f9e9PX9WNK3KJiv8VZ/29Z",["node","target","camera"],3,1,1,1],["cc.MeshRenderer",["_name","node","_materials","bakeSettings","_mesh"],2,1,3,4,6],["cc.Mesh",["_native","_hash","_struct"],1,11],["cc.Skeleton",["_name","_hash","_joints","_bindposes"],0,12],["cc.SceneAsset",["_name"],2],["cc.Scene",["_name","_children","_prefab","_globals"],2,12,4,4],["cc.PrefabInfo",["root","asset","fileId","instance","targetOverrides","nestedPrefabInstanceRoots"],-2,2],["cc.PrefabInfo",["fileId","targetOverrides","nestedPrefabInstanceRoots","root","instance","asset"],0,1,4,6],["cc.SceneGlobals",["ambient","shadows","_skybox","fog","octree","skin","lightProbeInfo","postSettings"],3,4,4,4,4,4,4,4,4],["cc.AmbientInfo",["_skyIllumHDR","_skyIllumLDR","_skyColorHDR","_groundAlbedoHDR"],1,5,5],["cc.ShadowsInfo",["_enabled","_type","_shadowColor"],1,5],["cc.SkyboxInfo",[],3],["cc.FogInfo",["_type","_fogAtten","_fogTop","_fogRange","_fogColor"],-1,5],["cc.OctreeInfo",[],3],["cc.SkinInfo",[],3],["cc.LightProbeInfo",[],3],["cc.PostSettingsInfo",[],3],["cc.UITransform",["node","_contentSize"],3,1,5],["cc.Button",["_transition","node","clickEvents","_normalSprite"],2,1,9,6],["cc.ClickEvent",["_componentId","handler","customEventData","target"],0,1],["d773b1/HlZAzpx2ym49G3JF",["node"],3,1],["cc.SkeletalAnimation",["playOnLoad","node","_clips","_defaultClip"],2,1,3,6],["cc.Canvas",["node","_cameraComponent"],3,1,1],["cc.TargetInfo",["localID"],2],["cc.SkinnedMeshRenderer",["_shadowCastingMode","node","_materials","bakeSettings","_skinningRoot","_mesh","_skeleton"],2,1,3,4,1,6,6],["cc.ModelBakeSettings",[],3],["ee19eGTEOpM04RQAZpcFtmr",["node"],3,1],["cc.Animation",["playOnLoad","node","_clips","_defaultClip"],2,1,3,6],["cc.PrefabInstance",["fileId","prefabRootNode","propertyOverrides"],1,9],["CCPropertyOverrideInfo",["value","propertyPath","targetInfo"],1,1],["CCPropertyOverrideInfo",["propertyPath","targetInfo","value"],2,1,8],["cc.Label",["_string","_actualFontSize","_isItalic","_isBold","node"],-1,1],["cc.DirectionalLight",["_shadowEnabled","_shadowPcf","_shadowDistance","_shadowInvisibleOcclusionRange","_csmLevel","_shadowOrthoSize","node","_color","_staticSettings"],-3,1,5,4],["cc.StaticLightSettings",[],3],["dfc11KeIodAQaGnodWJT/N8",["node"],3,1],["16666ugOSRNLqk2sZ/HleKG",["node","mainCamera","agent","navUrl"],3,1,1,2,6]],[[0,0,6,9,7,10,11,2],[37,0,1,2,2],[36,0,1,2,3],[0,0,6,7,2],[0,4,5,6,13,3],[2,0,1,3,2,4,5,2],[14,0,1,2,3,4,5,4],[24,0,1,1],[30,0,2],[35,0,1,2,3],[32,1],[9,0,1,2,3],[0,0,2,1,6,9,8,7,4],[0,0,6,9,7,2],[0,0,6,8,2],[0,0,2,6,8,7,3],[3,0,1,2,4,4],[3,0,3,1,2,4,5],[10,0,1,2,3,4],[11,0,2],[12,0,1,2,3,2],[0,0,1,6,3],[0,0,2,9,8,7,3],[0,0,9,7,2],[0,0,3,1,6,9,8,7,10,11,4],[0,0,1,6,8,10,11,3],[0,0,1,6,8,7,12,3],[0,0,2,6,8,7,10,12,11,3],[0,0,1,6,8,3],[4,0,2,1,3,8,4,5,6,9,7,4],[4,0,1,3,4,5,6,7,3],[2,0,1,3,2,2],[2,0,1,6,2,2],[13,0,1,2,3,4,5,6],[15,0,1,2,3,4,5,6,7,1],[16,0,1,2,3,3],[17,0,1,2,3],[18,1],[19,0,1,2,3,4,5],[20,1],[21,1],[22,1],[23,1],[5,1,0,2,3,3],[5,0,2,4,3,2],[6,0,1,2,3,4,5,6],[6,0,5,2],[25,0,1,2,3,2],[26,0,1,2,3,4],[27,0,1],[28,0,1,2,3,2],[29,0,1,1],[1,1,2,3,0,6,7,5],[1,1,2,3,4,0,6],[1,4,0,6,7,3],[1,1,5,2,3,4,0,6,7,7],[7,0,1,1],[7,0,1,2,1],[31,0,1,2,3,4,5,6,2],[33,0,1],[34,0,1,2,3,2],[38,0,1,2,3,4,5],[39,0,1,2,3,4,5,6,7,8,7],[40,1],[8,0,1,2,3,4,2],[8,1,2,3,4,1],[41,0,1],[42,0,1,2,3,1]],[[[[11,".bin",2489017538,[{"primitives":[{"primitiveMode":7,"vertexBundelIndices":[0],"indexView":{"offset":6776,"length":1200,"count":600,"stride":2}}],"vertexBundles":[{"view":{"offset":0,"length":6776,"count":121,"stride":56},"attributes":[{"name":"a_position","format":32,"isNormalized":false},{"name":"a_normal","format":32,"isNormalized":false},{"name":"a_texCoord","format":21,"isNormalized":false},{"name":"a_tangent","format":44,"isNormalized":false},{"name":"a_texCoord1","format":21,"isNormalized":false}]}]},"minPosition",8,[1,-5,0,-5],"maxPosition",8,[1,5,0,5]]],-1],0,0,[],[],[]],[[[16,"Player",[{"rasterizerState":{},"depthStencilState":{},"blendState":{"targets":[{}]}},{},{}],[{},{},{}],[[[{"roughness":0.728,"metallic":0.465,"SpecularIntensity":0.663},"mainColor",8,[4,4294938733]],{},{}],11,0,0]]],0,0,[0],[5],[3]],[[[17,"GridWhite","1",[{"rasterizerState":{},"depthStencilState":{},"blendState":{"targets":[{}]}}],[{"USE_TEXTURE":true}],[[[{},"tilingOffset",8,[2,24,24,0,0],"mainColor",8,[4,2221500791],"mainTexture",6,0]],11]]],0,0,[0,0],[8,5],[4,5]],[[[18,"Skin-0",2457208004,["mixamorig:Hips/mixamorig:Spine/mixamorig:Spine1/mixamorig:Spine2/mixamorig:Neck","mixamorig:Hips/mixamorig:Spine/mixamorig:Spine1/mixamorig:Spine2/mixamorig:Neck/mixamorig:Head","mixamorig:Hips/mixamorig:Spine/mixamorig:Spine1/mixamorig:Spine2","mixamorig:Hips","mixamorig:Hips/mixamorig:LeftUpLeg","mixamorig:Hips/mixamorig:LeftUpLeg/mixamorig:LeftLeg","mixamorig:Hips/mixamorig:LeftUpLeg/mixamorig:LeftLeg/mixamorig:LeftFoot","mixamorig:Hips/mixamorig:LeftUpLeg/mixamorig:LeftLeg/mixamorig:LeftFoot/mixamorig:LeftToeBase","mixamorig:Hips/mixamorig:RightUpLeg","mixamorig:Hips/mixamorig:Spine/mixamorig:Spine1/mixamorig:Spine2/mixamorig:LeftShoulder/mixamorig:LeftArm","mixamorig:Hips/mixamorig:Spine/mixamorig:Spine1/mixamorig:Spine2/mixamorig:LeftShoulder","mixamorig:Hips/mixamorig:Spine/mixamorig:Spine1","mixamorig:Hips/mixamorig:Spine/mixamorig:Spine1/mixamorig:Spine2/mixamorig:LeftShoulder/mixamorig:LeftArm/mixamorig:LeftForeArm","mixamorig:Hips/mixamorig:Spine/mixamorig:Spine1/mixamorig:Spine2/mixamorig:LeftShoulder/mixamorig:LeftArm/mixamorig:LeftForeArm/mixamorig:LeftHand","mixamorig:Hips/mixamorig:Spine","mixamorig:Hips/mixamorig:RightUpLeg/mixamorig:RightLeg","mixamorig:Hips/mixamorig:RightUpLeg/mixamorig:RightLeg/mixamorig:RightFoot","mixamorig:Hips/mixamorig:RightUpLeg/mixamorig:RightLeg/mixamorig:RightFoot/mixamorig:RightToeBase","mixamorig:Hips/mixamorig:Spine/mixamorig:Spine1/mixamorig:Spine2/mixamorig:RightShoulder","mixamorig:Hips/mixamorig:Spine/mixamorig:Spine1/mixamorig:Spine2/mixamorig:RightShoulder/mixamorig:RightArm","mixamorig:Hips/mixamorig:Spine/mixamorig:Spine1/mixamorig:Spine2/mixamorig:RightShoulder/mixamorig:RightArm/mixamorig:RightForeArm","mixamorig:Hips/mixamorig:Spine/mixamorig:Spine1/mixamorig:Spine2/mixamorig:RightShoulder/mixamorig:RightArm/mixamorig:RightForeArm/mixamorig:RightHand"],[[[7,1,0,0,0,0,1,1.3877787807814457e-17,0,0,-1.3877787807814457e-17,1,0,-2.9802322387695312e-8,-0.998055100440979,-0.006729007698595524,1],[7,1,0,0,0,0,1,1.3877787807814457e-17,0,0,-1.3877787807814457e-17,1,0,-2.9802322387695312e-8,-1.0997143983840942,-0.008734513074159622,1],[7,1,0,0,0,0,0.9993067383766174,0.03722953796386719,0,0,-0.03722953796386719,0.9993067383766174,0,-2.9802322387695312e-8,-0.8673349022865295,-0.04388147592544556,1],[7,1,0,0,0,0,1,0,0,0,0,1,0,-2.9802322387695312e-8,-0.5657623410224915,-0.022834232077002525,1],[7,-0.999062716960907,0.04328569769859314,-5.263971615751065e-17,0,-0.04318217560648918,-0.9966734647750854,-0.06911824643611908,0,-0.0029918316286057234,-0.06905346363782883,0.997608482837677,0,0.1063067838549614,0.5138999819755554,0.01274182554334402,1],[7,-0.9999112486839294,0.013078580610454082,0.002549226162955165,0,-0.01329284068197012,-0.9658708572387695,-0.2586827874183655,0,-0.0009209804120473564,-0.25869372487068176,0.9659589529037476,0,0.09775488823652267,0.27908146381378174,0.06737909466028214,1],[7,-0.9826905131340027,0.17219726741313934,0.068319171667099,0,-0.060228586196899414,-0.6457159519195557,0.7611986398696899,0,0.17519110441207886,0.7439079284667969,0.6449101567268372,0,0.1084001362323761,0.08753474056720734,-0.07025323808193207,1],[7,-0.9816927313804626,0.1839449554681778,-0.04943341389298439,0,-0.050078652799129486,0.001138972700573504,0.9987446069717407,0,0.1837703436613083,0.982935905456543,0.008093594573438168,0,0.10745423287153244,-0.11449765413999557,0.003193255979567766,1],[7,-0.9990633130073547,-0.043272607028484344,-1.597740546740678e-17,0,0.04315604642033577,-0.9963721632957458,-0.07334903627634048,0,0.0031740039121359587,-0.07328032702207565,0.9973063468933105,0,-0.10629799216985703,0.5138552188873291,0.01476888544857502,1],[7,0.03742282837629318,0.9950412511825562,-0.09215429425239563,0,-0.05989808589220047,-0.0898195132613182,-0.99415522813797,0,-0.9975027441978455,0.042723968625068665,0.056239768862724304,0,0.05594698712229729,-0.07166314125061035,0.9458937644958496,1],[7,-0.021179115399718285,0.9325727820396423,-0.36036014556884766,0,-0.03730758652091026,-0.36092716455459595,-0.9318475127220154,0,-0.9990793466567993,-0.006291537079960108,0.042436160147190094,0,0.04394662007689476,0.30447328090667725,0.9295148849487305,1],[7,1,0,0,0,0,0.9993067383766174,0.03722953796386719,0,0,-0.03722953796386719,0.9993067383766174,0,-2.9802322387695312e-8,-0.7519767880439758,-0.04388147592544556,1],[7,0.07146910578012466,0.9912101030349731,-0.11133167147636414,0,-0.06293820589780807,-0.10691318660974503,-0.9922743439674377,0,-0.9954551458358765,0.0779239758849144,0.05474399775266647,0,0.046514712274074554,-0.2579555809497833,0.9510567784309387,1],[7,0.07146910578012466,0.9912101030349731,-0.11133167147636414,0,-0.06293820589780807,-0.10691318660974503,-0.9922743439674377,0,-0.9954551458358765,0.0779239758849144,0.05474399775266647,0,0.046514712274074554,-0.43839016556739807,0.9510567784309387,1],[7,1,0,0,0,0,0.9993067383766174,0.03722953796386719,0,0,-0.03722953796386719,0.9993067383766174,0,-2.9802322387695312e-8,-0.6510385274887085,-0.04388147220015526,1],[7,-0.9999113082885742,-0.013088745065033436,-0.002454072004184127,0,0.013280950486660004,-0.9666216373443604,-0.2558637261390686,0,0.0009767760057002306,-0.2558736205101013,0.9667097330093384,0,-0.09775102138519287,0.27907004952430725,0.06735043227672577,1],[7,-0.9818089008331299,-0.17510665953159332,-0.07340966910123825,0,0.060899775475263596,-0.6566190719604492,0.7517597079277039,0,-0.1798403114080429,0.7336137294769287,0.6553384065628052,0,-0.1086224839091301,0.08832414448261261,-0.06906106323003769,1],[7,-0.9808804392814636,-0.18770842254161835,0.05137275159358978,0,0.052079010754823685,0.0011705374345183372,0.9986422657966614,0,-0.18751369416713715,0.9822241067886353,0.0086275115609169,0,-0.10780507326126099,-0.11073675006628036,0.003425364149734378,1],[7,-0.007689287420362234,-0.9325727820396423,0.36090004444122314,0,0.03728676214814186,-0.36092710494995117,-0.9318483471870422,0,0.9992750287055969,0.006291544064879417,0.037547893822193146,0,-0.04393079876899719,0.3043886423110962,0.929548442363739,1],[7,0.019802521914243698,-0.9956624507904053,0.09090714901685715,0,0.04790922999382019,-0.08987554907798767,-0.9948000311851501,0,0.998655378818512,0.024054840207099915,0.04592165723443031,0,-0.049582965672016144,-0.07165265083312988,0.9462645053863525,1],[7,0.04964689910411835,-0.9927370548248291,0.1095825657248497,0,0.05058245733380318,-0.10707788169384003,-0.9929631352424622,0,0.9974851608276367,0.05484049394726753,0.04489899426698685,0,-0.04133335500955582,-0.2579282224178314,0.9512796401977539,1],[7,0.04964689910411835,-0.9927370548248291,0.1095825657248497,0,0.05058245733380318,-0.10707788169384003,-0.9929631352424622,0,0.9974851608276367,0.05484049394726753,0.04489899426698685,0,-0.04133335500955582,-0.4380851984024048,0.9512796401977539,1]],8,8,8,8,8,8,8,8,8,8,8,8,8,8,8,8,8,8,8,8,8,8]]],0,0,[],[],[]],[[[11,".bin",886372186,[{"primitives":[{"primitiveMode":7,"jointMapIndex":0,"vertexBundelIndices":[0],"indexView":{"offset":34200,"length":3396,"count":1698,"stride":2}}],"vertexBundles":[{"view":{"offset":0,"length":34200,"count":475,"stride":72},"attributes":[{"name":"a_position","format":32,"isNormalized":false},{"name":"a_normal","format":32,"isNormalized":false},{"name":"a_texCoord","format":21,"isNormalized":false},{"name":"a_tangent","format":44,"isNormalized":false},{"name":"a_joints","format":42,"isNormalized":false},{"name":"a_weights","format":44,"isNormalized":false}]}],"jointMaps":[[0,1,2,3,4,5,6,7,8,9,10,11,12,13,14,15,16,17,18,19,20,21]]},"minPosition",8,[1,-0.7174002528190613,-0.00021031162759754807,-0.28694063425064087],"maxPosition",8,[1,0.717400312423706,1.782921314239502,0.3169625699520111]]],-1],0,0,[],[],[]],[[[19,"NavTest"],[20,"NavTest",[[-5,-6,-7,-8,-9,-10,[21,"LineNode","06ZFG9MdVCP7H3KrYhgtz0",-11],-12,-13,-14,-15,-16,-17],1,1,1,1,1,1,4,1,1,1,1,1,1],[33,null,null,"ecdc7666-7811-4ec0-ad65-beb56d9e3b32",null,[],[-1,-2,-3,-4]],[34,[35,30000,0.5208,[2,0.9725490196078431,0.9725490196078431,0.9725490196078431,0.7812496875],[2,0.00784313725490196,0.011764705882352941,0.011764705882352941,1]],[36,true,1,[4,877415500]],[37],[38,3,1,-2.4,1,[4,4294967295]],[39],[40],[41],[42]]],[22,"HomeBtn",33554432,[-24,-25],[[7,-18,[5,300,120]],[43,1,0,-19,15],[45,9,100,920.5,80,79,-20],[47,3,-22,[[48,"d773b1/HlZAzpx2ym49G3JF","loadScene","0",-21]],16],[49,-23]],[1,-709.9999999999999,400,0]],[29,"Billy",512,"0cbsCjvt5EvYN/mNKHJqjD",1,[-28,-29],[[[50,true,-26,[5,6],7],-27],4,1],[1,1.541,2.219,-16.759],[3,0,1,0,6.123233995736766e-17],[1,2,2,2],[1,0,180,0]],[12,"Canvas",33554432,"ecPrvHRQ1Bj6mSp8dtfJhJ",1,[-34,2],[[7,-30,[5,1919.9999999999998,1080]],[51,-32,-31],[46,45,-33]],[1,959.9999999999999,540,0]],[8,["15qlC1VlhURJ4JIgtdoQbc"]],[8,["04rgBM0TtcCpHBd/Qg3UQV"]],[8,["926eqXXYJa5KTx+BBYZmxQ"]],[13,"mixamorig:Hips",3,[-35,-36,-37],[1,2.9802322387695312e-8,0.5657623410224915,0.022834232077002525]],[23,"mixamorig:Spine2",[-38,-39,-40],[1,0,0.11535809934139252,-6.938893903907228e-18]],[24,"Main Camera",false,"c9DMICJLFO5IeO07EPon7U",1,[-43],[[52,0,5.6,982.6,1083179008,-41,[4,4279964428]],[56,-42,3]],[1,1.76,30.954,-6.486],[3,-0.7071067811865475,0,0,0.7071067811865476],[1,-90,0,0]],[8,["2dMFb+HF5S+qoVakTJ69AM"]],[14,"Role",3,[[58,1,-44,[2],[10],3,3,4],[59,-45]]],[12,"Pryamid",2097152,"9feGXkWChO+IWfMQJ5sYSH",1,[-47],[[60,true,-46,[10],11]],[1,0,0,-35.989]],[4,0,{},1,[6,"15qlC1VlhURJ4JIgtdoQbc",null,null,-48,[9,"b2LrXWGBpP870CwhTWf1KV",null,[[2,"nav_test",["_name"],5],[1,["_lpos"],5,[1,0,0,0]],[1,["_lrot"],5,[3,0,0,0,1]],[1,["_euler"],5,[1,0,0,0]],[2,false,["_active"],5]]],12]],[53,0,9,100,14,1822425087],[30,"Main Camera-001","132CWUhiFBUoobLRRS7R4h",1,[[15,[57,-49,3,15]],1,4],[1,-10,10,10],[3,-0.27781593346944056,-0.36497167621709875,-0.11507512748638377,0.8811195706053617],[1,-35,-45,0]],[15,"Glow",33554432,2,[[7,-50,[5,200,100]],[44,0,-51,[4,921801895],14]],[1,0,4,0]],[15,"Label",33554432,2,[[7,-52,[5,168.5022624567956,50.4]],[61,"返回主页",40,true,true,-53]],[1,0,4,0]],[4,0,{},1,[6,"04rgBM0TtcCpHBd/Qg3UQV",null,null,-54,[9,"99YLToOBBLiI60UpfHL69B",null,[[2,"navmesh_beach",["_name"],6],[1,["_lpos"],6,[1,0,0,0]],[1,["_lrot"],6,[3,0,0,0,1]],[1,["_euler"],6,[1,0,0,0]],[2,false,["_active"],6]]],17]],[4,0,{},1,[6,"926eqXXYJa5KTx+BBYZmxQ",null,null,-55,[9,"aeNqLTnpBPsrttga8+z6TZ",null,[[2,"Beach_shadow",["_name"],7],[1,["_lpos"],7,[1,0,0,0]],[1,["_lrot"],7,[3,0,0,0,1]],[1,["_euler"],7,[1,0,0,0]],[2,true,["_active"],7]]],18]],[4,0,{},1,[6,"2dMFb+HF5S+qoVakTJ69AM",null,null,-56,[9,"9dfy8dVk1M1IeWEkHqUDrH",null,[[2,"DJ_stage",["_name"],11],[1,["_lpos"],11,[1,0,0,0]],[1,["_lrot"],11,[3,0,0,0,1]],[1,["_euler"],11,[1,0,0,0]]]],19]],[25,"Main Light","c0y6F5f+pAvI805TdmxIjx",1,[[62,true,2,97.9,524.3,1,2,-57,[4,4291464327],[63]]],[3,-0.40675053085123514,-0.23475265738592827,-0.10898847626251891,0.8761088445760936],[1,-49.808,-30,0]],[26,"Plane","e6XDMCtjRFP7LtVv91FLRr",1,[[64,"Plane<ModelComponent>",-58,[0],[10],1]],[1,10,-5,0],[1,12,1,12]],[0,"mixamorig:Spine",8,[-59],[1,0,0.08645856380462646,-0.0032210443168878555],[3,-0.018617995091055696,0,0,0.9998266701077689],[1,-2.1335883563966807,0,0]],[13,"mixamorig:Spine1",24,[9],[1,0,0.10093826055526733,0]],[0,"mixamorig:Neck",9,[-60],[1,0,0.12977775931358337,-3.9330511070190255e-10],[3,0.018617996953055195,0,0,0.9998266700730962],[1,2.133588569803096,0,0]],[31,"mixamorig:Head",26,[[3,"mixamorig:HeadTop_End",-61,[1,0,0.6809046268463135,0.013432696461677551]]],[1,0,0.10165929794311523,0.0020055053755640984]],[0,"mixamorig:LeftShoulder",9,[-62],[1,0.051947351545095444,0.10944820940494537,-0.0011099106632173061],[3,-0.5769638324032627,-0.4040488534119106,0.5893505714530517,-0.39563008490637014],[1,111.12738753794895,91.21356630818667,-0.004955131636402879]],[0,"mixamorig:LeftArm",28,[-63],[1,0,0.11198576539754868,0],[3,-0.13777897114184162,-0.004330131801667248,0.031112714534803448,0.9899647488996521],[1,-15.846560816302674,-5.018112995582447e-9,3.600210343607578]],[5,"mixamorig:LeftForeArm",29,[[3,"mixamorig:LeftHand",-64,[1,6.938893903907228e-18,0.18043456971645355,-1.1102230246251565e-16]]],[1,1.3877787807814457e-17,0.20287027955055237,-1.1102230246251565e-16],[3,0.009662268007718081,0.0001654568375805225,0.017120708233247833,0.9998067285983696],[1,1.107393914641475,-1.3674174408327965e-9,1.9620761321674876]],[0,"mixamorig:RightShoulder",9,[-65],[1,-0.051947351545095444,0.1094219759106636,-0.00040583632653579116],[3,0.5810319101648496,-0.40123202819438303,0.5855403458261405,0.39819251918012183],[1,111.15616371707439,-90.44056729445025,0.003343051174403924]],[0,"mixamorig:RightArm",31,[-66],[1,6.938893903907228e-18,0.11198576539754868,0],[3,-0.1386654939004426,0.002044092580809664,-0.014597149207631863,0.9902295823302177],[1,-15.943006187474301,4.370670645814418e-9,-1.6890920752549288]],[5,"mixamorig:RightForeArm",32,[[3,"mixamorig:RightHand",-67,[1,6.938893903907228e-18,0.18015697598457336,-1.1102230246251565e-16]]],[1,-6.938893903907228e-18,0.20274370908737183,1.1102230246251565e-16],[3,0.00939563447606908,-0.00014088789920887362,-0.014992690199280534,0.9998434484677992],[1,1.0767972868744093,-6.955397861750296e-10,-1.718175976948755]],[0,"mixamorig:LeftUpLeg",8,[-68],[1,0.08396259695291519,-0.04810065031051636,0.0002590399235486984],[3,-0.0007485809005699347,-0.03457170337670859,0.9991677361055001,-0.02163497349380773],[1,176.0329495524488,179.82842037661436,-2.4749259812245437]],[0,"mixamorig:LeftLeg",34,[-69],[1,1.3877787807814457e-17,0.23014135658740997,-8.673617379884035e-18],[3,-0.09609189610721906,0.0014402429777841531,-0.01491713427808912,0.9952596406504255],[1,-11.029579273863737,-1.0029915850478394e-9,-1.7173907381059272]],[0,"mixamorig:LeftFoot",35,[-70],[1,0,0.17782695591449738,1.3877787807814457e-17],[3,0.5299845814592098,-0.07749456737805875,0.04871692026247539,0.8430525470707821],[1,64.31100458005349,-10.503897955024977,-2.45741475221345e-7]],[5,"mixamorig:LeftToeBase",36,[[3,"mixamorig:LeftToe_End",-71,[1,0,0.06337551772594452,-4.336808689942018e-19]]],[1,1.3877787807814457e-17,0.1768667995929718,4.163336342344337e-17],[3,0.34484509040306616,-0.006254934313900133,0.002297997734602488,0.9386359563899318],[1,40.34561432624519,-0.7636102759832926,-1.0031531734633054e-8]],[0,"mixamorig:RightUpLeg",8,[-72],[1,-0.08396259695291519,-0.04810065031051636,0.0004295334219932556],[3,0.0007942219154205958,-0.036690643871133306,0.9990923119120242,0.021626792229945523],[1,175.7897028107426,-179.81797308096404,2.4734272809640365]],[0,"mixamorig:RightLeg",38,[-73],[1,-1.3877787807814457e-17,0.23021094501018524,-1.734723475976807e-18],[3,-0.0925284982804731,-0.0013865928424114837,0.014919598363954125,0.995597288039149],[1,-10.619368682764012,-4.809836018960125e-9,1.717091937454501]],[0,"mixamorig:RightFoot",39,[-74],[1,0,0.17768916487693787,0],[3,0.5224268354250684,0.07995721572029317,-0.04928854775380661,0.8474949464995811],[1,63.302393291200765,10.779275156058864,4.182352277673499e-9]],[5,"mixamorig:RightToeBase",40,[[3,"mixamorig:RightToe_End",-75,[1,0,0.06210481375455856,-4.336808689942018e-19]]],[1,1.3877787807814457e-17,0.17392799258232117,0],[3,0.3516518555898744,0.005489512940780571,-0.0020621424092020016,0.9361124853758523],[1,41.1775067496775,0.6719754721554111,1.788007415904722e-8]],[66,3],[14,"ConeCamera",10,[[54,6,2097152,-76,[4,4287260458]]]],[27,"Pyramid001",2097152,13,[[65,-77,[8],[10],9]],[1,0,4,0],[3,-0.7071067811865476,0,0,0.7071067811865476],[1,0.5,0.5,0.5],[1,-90.00000000000003,0,0]],[28,"Main","78kwtQb0pLB78HimGGyYAk",1,[[67,-78,15,[42],13]]],[32,"Camera",4,[-79],[1,0,0,1000]],[55,0,1073741824,1643.3187772925764,2000,6,41943040,46,[4,4278190080]]],0,[0,-1,14,0,-2,19,0,-3,20,0,-4,21,0,-1,22,0,-2,23,0,-3,3,0,-4,10,0,-5,13,0,-6,14,0,1,1,0,-8,45,0,-9,4,0,-10,19,0,-11,20,0,-12,21,0,-13,16,0,0,2,0,0,2,0,0,2,0,9,2,0,0,2,0,0,2,0,-1,17,0,-2,18,0,0,3,0,-2,42,0,-1,12,0,-2,8,0,0,4,0,10,47,0,0,4,0,0,4,0,-1,46,0,-1,24,0,-2,34,0,-3,38,0,-1,26,0,-2,28,0,-3,31,0,0,10,0,0,10,0,-1,43,0,0,12,0,0,12,0,0,13,0,-1,44,0,2,14,0,0,16,0,0,17,0,0,17,0,0,18,0,0,18,0,2,19,0,2,20,0,2,21,0,0,22,0,0,23,0,-1,25,0,-1,27,0,1,27,0,-1,29,0,-1,30,0,1,30,0,-1,32,0,-1,33,0,1,33,0,-1,35,0,-1,36,0,-1,37,0,1,37,0,-1,39,0,-1,40,0,-1,41,0,1,41,0,0,43,0,0,44,0,0,45,0,-1,47,0,11,1,2,1,4,9,1,25,15,0,16,79],[0,0,0,0,0,0,0,0,0,0,0,0,0,0,0,0,0,0,0,0],[-1,4,-1,4,12,-1,-2,6,-1,4,-1,6,3,13,7,7,14,3,3,3],[6,7,8,9,10,11,0,0,12,13,1,1,14,15,16,2,2,17,18,19]]]]
